555
0 0 0 0 3
-3112529677864274822 34632368128 538968064 5 2
-2811607943121702121 4398050705536 270548992 6 1
-434887913111156823 13194143727616 10502144 6 2
5637887146348395422 20971648 10485760 5 3
1243245192290075274 281018368 555745280 6 3
-5316636069323454874 34363949056 278921216 6 3
-2319778322044661044 4210689 34370224128 6 3
6446440200617419216 10485761 4398067482624 6 3
-2499135176429095985 4398067482624 34370224128 6 1
6019298953608236458 4194688 10486272 6 3
-4637645290837291777 272646144 538968065 6 3
-6389082531118400506 272646144 10518528 6 4
3182947979168743053 4398050721792 10518528 6 3
6208274582729421124 289406976 34370224128 6 2
3827006003506506977 4210688 2097152 3 3
-6547644157989377526 4194433 807403520 6 1
-1369703902613434321 16384 2097152 2 3
-7253235490380253144 34363932673 270532736 6 4
-2553798219121354851 4398319140864 27262976 6 3
-9036264607566837242 272629888 4398056996864 6 3
8977612121730257125 4398067482624 10502144 6 5
5838176592569240477 4243456 270598144 6 4
-581083427246714258 289406976 10502144 6 2
3449460415835090588 34372321280 287309824 6 3
-8599176282237506960 272646144 547356672 6 2
-4262128664581759776 541065344 1344274432 6 1
8599830000622930757 34370224128 20971521 6 2
-6500592214717606850 272629761 538968192 6 2
6354962648225653891 13194143727616 34370224128 6 3
8736000435760648253 4398050705536 34630270976 6 4
7600886138475639531 34363932672 10485760 4 3
-9133912200311217943 34363949056 270532609 6 3
2032653127639380928 10502144 20971520 5 5
2054191076187293619 541081600 34630270976 6 0
962470394678471937 4398319140864 10485888 6 3
-5591650245776515618 34363949056 4398056996864 6 3
6712526351526066792 10485761 289406976 6 3
-3868907272913738156 12599296 4398317043712 6 1
3777057467512986289 34900803584 270532608 5 3
-141152770957519872 34372321280 270532736 6 4
6486150192425960984 4398050721792 8796103507968 6 3
-4575715662881454558 12583040 807403520 6 3
5130585159480230852 34372321280 2113536 5 5
-7035037800070808283 1 0 1 1
-5266182205540299299 1346371584 538968064 5 3
6847469603051905588 541081600 270532609 6 2
-4886171482695953719 34363932672 2113536 4 5
4231809875127154106 4398050705536 270532609 6 3
1997265546152231172 13194143727616 10485761 6 3
837137045593908870 27262976 809500672 6 3
-93690208473814163 10485761 54525952 6 5
8362764262135440713 4194305 270532608 4 1
7497730067801572539 541081600 278921216 6 2
2177777721384602097 10485761 20971522 6 3
-4569865682225367018 281018368 538968192 6 3
-3089550874044170830 10502144 34632368128 6 3
986350164829803317 4398050705536 278921216 6 3
2629328062877594155 272629888 1612709888 6 2
-7702850793786749464 34370224128 20987904 6 3
2335677029846606835 4398050705536 10486016 6 3
-6120236890862575240 272629888 10486016 6 3
-8440619384436514392 34363932800 68729962496 6 3
-8138614616862460860 12582913 270532608 5 4
-638029215474479154 34363932673 10485760 5 3
1562417441029887171 289406976 10485761 6 3
2580071732124443245 547356672 272629760 5 3
-7000947354906339768 4398067482624 10485761 6 4
-277766768423130760 272646144 34898706432 6 3
-1251497522397824080 103083409408 278921216 6 3
-2020072479908230337 4398050721792 270532736 6 3
-3744565493303389070 20987904 278921216 6 4
5330934838849636332 34363932673 68729962496 6 3
5488331854989611520 12583040 270532608 5 1
3747819872580741514 34363932800 10485760 5 3
-2357919113872319919 4398059094016 34630270976 6 4
-3560212459227335311 4398050705409 278921216 6 5
-6995397273951755752 278921216 20971648 6 1
-1775946095763303313 272629761 1612709888 6 2
-8661642737630661980 27262976 272629760 5 2
6005365125212576471 4194688 270548992 6 1
1554351161135358099 4398056996864 20971648 6 3
-5208992041142381655 4243456 10485760 5 3
-5644353789485562870 809500672 10485761 6 3
6876779766959804687 4210816 10485761 6 3
-5248615135111838963 4194432 270532608 4 1
4437322021423926569 10485888 54525952 6 4
480126512158999281 4432410443776 10502144 6 5
-5487135433010270998 10485888 20971776 6 4
-967996121543919107 4194688 34630270976 6 3
9115662140570794363 4398059094016 270548992 6 3
-8227881220523769734 34632368128 10502144 6 3
2892884736884438527 4194307 10485888 6 3
8042351290440992119 20987904 44040192 6 4
-9057386909849525939 4194688 4398056996864 6 3
499986216732591203 272629761 10485762 6 3
5025084284394915654 4210816 270532864 6 3
-8247991097412892952 4398050705409 10485762 6 3
6735463073895996257 128 0 1 5
-555937308479767644 44040192 20971520 5 3
-2761945494067897025 103083409408 270532609 6 3
-437540516796281882 34372321280 68721590272 6 3
241056135321428070 12582913 807403520 6 3
-8451911851030572397 34900803584 68990009344 6 3
-1974037265673436784 34372321280 2146304 6 3
-7061641222860219348 10485888 289406976 6 3
-4010079889745588278 20987904 4398056996864 6 3
-280012015290270306 34380709888 10485888 6 4
-4639797413172006508 10502144 21004288 6 2
-9077215183957755833 281018368 1612709888 6 3
-436320424075620509 4194307 27262976 6 3
-1517645241798909944 103083409408 4398056996864 6 3
6046781736567997095 809500672 10502144 6 3
-5036379521697548679 4398050705409 34630270976 6 4
-5686333210398466950 4194688 270532609 6 1
2988044014571159080 4194433 270532608 5 1
-7723169193690893486 4194433 27262976 6 3
4737523651548212290 272629761 4398056996864 6 3
7797030878549355576 4210816 4398317043712 6 1
359202598577487442 272646144 10485760 5 3
4317501671056235410 103083409408 270548992 6 5
-8104977639544619815 4398050721792 10485760 5 3
-8279197337149530662 20971521 10485760 5 3
2083425508009309320 4210816 34370224128 6 3
-7326803904394901612 10485888 4398067482624 6 4
-995910594281397875 809500672 34370224128 6 3
2007625660676298067 4398050705409 270548992 6 3
-8783067639949493515 4194688 278921216 6 1
8039471029408696023 34632368128 10485761 6 3
-1952168235568872356 4432410443776 10485761 6 3
-2609864187481070513 4243456 270532736 6 4
7642636662894787672 34632368128 69258444800 6 3
-7151690118882705450 4398059094016 270532609 6 3
7113101517890067121 20971521 278921216 6 1
-1781955006057592529 34363949056 68729962496 6 3
-9071680025352652589 12599296 270565376 6 3
-418133294281407655 34363949056 10518528 6 3
8025121688022064679 1346371584 2686451712 6 3
-7945211039888653825 272629888 34898706432 6 3
-7612512514800811915 13194143727616 17592196530176 6 3
1420230522519037815 44040192 4398067482624 6 4
5569038942211229180 4398050705409 270532736 6 4
7615858840883592606 4194688 10485760 5 3
202790724733258158 4398319140864 538968064 5 3
402111170825415740 541065344 278921216 6 0
1073350748569456323 34363932800 270548992 6 3
6929320193131019186 4398050721792 278921216 6 3
5324631134865136300 272646144 1612709888 6 3
7890147576257104701 103083409408 270532736 6 4
-4529959034493236300 20971521 44040192 6 2
2425322877649316136 20971521 10485762 6 3
3647569816071850675 541065344 270532609 6 1
6649763321704091514 4243456 4398056996864 6 3
3755108297667546548 272629760 10485760 4 3
-4655136507265921217 4398050705408 10485760 4 3
7797679316953312887 27262976 4398319140864 6 3
6279060862152367421 4398050721792 270532609 6 4
-6158526248813810383 34380709888 10502144 6 5
-5916015883128050011 12599296 807403520 6 3
4006711644959174303 4398050705536 8796103507968 6 3
761514768175376969 34632368128 27262976 6 3
-9086011428004927294 4432410443776 27262976 6 3
-6352541222005190957 12583040 4398317043712 6 1
-2305935895798991527 34363932800 4398056996864 6 3
-450194685383765176 4398059094016 287309824 6 4
3044342502069892122 278921216 20971521 6 4
3493486829306864341 272629888 538984448 6 3
3212749553033172938 4243456 34630270976 6 0
4345516261842544056 4432410443776 270532608 5 3
-6825525763948595567 4398056996864 20971521 6 3
396260127230136840 809500672 10485888 6 3
1487698758270204090 4398050721792 34630270976 6 3
1721597926756302031 44040192 289406976 6 2
-2209083380134515306 272629760 2113536 4 3
-5479795489669025340 4194307 10485764 6 3
-3750493041982659382 27262976 306184192 6 2
7414935130643398921 20971521 4398056996864 6 2
8149316136605593396 541065344 34630270976 6 3
-1394973490653689746 34363932800 270532609 6 3
8191119180605414215 10485888 20971520 5 4
1409638450252749153 4194433 10502144 6 3
-1931962308136598793 272629888 547356672 6 3
4210789959797718417 4210816 27262976 6 3
-2128889360082753691 4398587576320 270532608 5 4
-2646702539200638763 34632368128 10485888 6 3
1897307056175234203 281018368 2113536 5 3
-2107624365166472426 4398056996864 34380709888 6 3
-1224590935978106239 272646144 4398056996864 6 3
7618199225408786845 278921216 34380709888 6 3
5781626912446911070 4432410443776 10485888 6 4
8003758585891533389 4243456 270532609 6 4
5711942396544791746 13194143727616 807403520 6 4
2888181631451032020 4398059094016 270532736 6 4
-6250929553346136985 541081600 1344274432 6 2
-8662150987724050197 4210816 270532608 5 4
9128832560898893136 4194307 10502144 6 2
-3122195440818657132 809500672 27262976 6 2
-1781391794492533509 4210689 270565376 6 3
-686910769165869529 34363932800 10486016 6 3
4830002483007909948 4398056996864 20987904 6 3
-8187811698448226899 12583040 270532864 6 3
6348176143436846274 4243456 278921216 6 3
-6178281743191248751 272629761 10485760 5 3
2394547648827961882 4398050705409 10485760 5 3
-3999499171167063369 278921216 20987904 6 3
-3298295108235516808 272629888 538968065 6 3
-9123156286562273112 128 2097152 2 3
-3982373480041135475 4210689 807403520 6 2
5244939640475577244 34380709888 10485761 6 3
6378677689177146470 4194432 2097152 3 3
-2344251439374776710 4194307 34370224128 6 2
75849146351008987 103083409408 10485760 5 3
-3395849642955011042 541065344 270548992 6 1
-5595826066175837621 4194433 34370224128 6 2
-2617049231316898079 34363932800 278921216 6 3
2568195564126720793 20987904 10485760 5 3
1768210448444033189 34363932673 278921216 6 3
-592176535389130989 10502144 4398067482624 6 2
-9219607481123942067 20987904 10518528 6 4
-4356021475635765945 34370224128 20971648 6 2
-429674497082597756 4398319140864 34370224128 6 3
-7232165214310063582 4194305 2097152 3 3
9130827815518367130 13194143727616 27262976 6 3
4774840554013122284 1 2097152 2 3
-1600929616235978887 4432410443776 8796363554816 6 3
3884677252259428075 34363949056 270532736 6 3
836660133705016521 4210816 807403520 6 2
-2153694821495958434 4398050705536 10485760 5 3
-4390632229968748320 13194143727616 270532608 5 4
-7637783015326357319 281018368 538984448 6 3
7594750001055291093 272629888 10485760 5 3
5182552187467403865 809500672 1084227584 6 3
2621257744396300991 4210816 270565376 6 1
4967037233852389039 4210689 270532608 5 3
2576004620759433398 12582913 270532610 6 3
6599840959841663804 34363932673 10485762 6 3
-5044637264047915313 281018368 2146304 6 3
2471817804066737719 10502144 272629888 6 3
-484111986627994667 4210689 27262976 6 3
2744916598439716019 272629761 547356672 6 3
4019057724998175635 281018368 34898706432 6 3
-6296259041454504785 34372321280 270548992 6 5
-6503046502132144307 20971648 4398056996864 6 3
6615460433390435758 4398319140864 10502144 6 3
-5581333360457908989 10485761 20971520 5 3
-2930066625171508369 4398319140864 8796631990272 6 3
826182330082138877 272646144 538968192 6 3
4554079768048232617 34632368128 4398585479168 6 3
3522087337658102758 16384 0 1 3
8376806364539006484 281018368 538968065 6 3
-4020865343566446914 547356672 4398319140864 6 3
-9038606569876525670 4432410443776 68990009344 6 3
-1142011911267035011 103083409408 137709486080 6 2
-910582144330972015 272629761 538984448 6 3
7273472777416042647 12582913 4398317043712 6 1
2078417941133890333 34363932673 4398056996864 6 3
-893438376223525717 10502144 289406976 6 3
-811458697808590629 4398050705409 8796103507968 6 3
2926320523683782985 4210689 10485888 6 3
-6811091645684563263 289406976 10485888 6 6
3027357002641277002 4398067482624 10485888 6 4
145795089001885168 20971648 44040192 6 3
-8338211955911209933 20971648 10486016 6 3
5768360024160740782 10502144 54525952 6 2
-5075671235950363901 4398319140864 10485761 6 3
-3620081219663796089 34363932673 270548992 6 5
6707978584449782030 1346371584 4398585479168 6 3
5394872631233249794 34372321280 270532609 6 3
-2688384644503802998 4210688 270532608 4 3
-5756776375313649254 4432410443776 807403520 6 3
-5808728515219646714 13194143727616 10485888 6 4
5952453834879887291 272629761 34898706432 6 3
-1453555414505294794 541081600 270532736 6 3
4031443578679745956 4398587576320 8796363554816 6 4
6456809939381043469 34363949056 10485760 5 3
3230656008423145510 10485760 20971520 4 3
-6804519320318591755 20971648 278921216 6 1
-2335248256581368222 34900803584 4398317043712 6 2
2428465500092250759 12599296 270532608 5 3
-2398086809232995482 4398050721792 27262976 6 3
137282188282115072 4398319140864 547356672 6 3
478324391934988690 541065344 270532608 5 1
-9173863246679353603 4210816 4398056996864 6 3
439036257584244193 10485888 34380709888 6 4
-957473862714716927 34372321280 807403520 6 3
6179283780582296045 272646144 27262976 6 3
7142190563833447964 4398050721792 270532608 5 3
7956702868504085496 809500672 4398056996864 6 3
-2922372883706306217 103083409408 10502144 6 5
-1120642267826876851 4210816 34630270976 6 0
8952742921534893341 272629761 10502144 6 3
-7651655137154033213 4398587576320 34630270976 6 4
3989234773769363082 4243456 10485888 6 3
609108449063091865 4432410443776 270532609 6 3
7921797584407364157 281018368 34361851904 6 3
-7675470122197717584 4398056996864 20971520 5 3
2162345249574825787 278921216 20971520 5 1
514188124991602567 27262976 272629888 6 3
-628259450610503786 4398050705409 10502144 6 1
-6283368219632535332 4194307 10485760 5 3
6741162620477548223 4194688 10485761 6 3
-2451889882742567369 272629761 34370224128 6 3
3749377900694977257 4398587576320 270548992 6 3
6233072315726269628 4398050705409 34370224128 6 3
4573876557851760662 4432410443776 278921216 6 3
462533811088284365 103083409408 4398317043712 6 3
1636121337214892296 34632368128 1612709888 6 2
-6354457840221370677 10485888 20987904 6 4
-4184732947292945171 4194433 10485760 5 3
-4594261173154230015 34372321280 68990009344 6 3
6061675891116567999 20987904 34370224128 6 0
3958076911635042959 4398319140864 538968065 6 3
7328476281766235743 4398046511104 2097152 2 3
8692373088032700039 44040192 20971648 6 5
3975305607663841306 272629760 2097152 3 3
-4876713984771411311 4398050705408 2097152 3 3
-1240025627652551468 268435456 2097152 2 3
-1871378690409988263 272629888 538968064 5 3
-2214814361223177525 4398587576320 278921216 6 4
-1570985264577644492 4432410443776 270548992 6 5
2164965996806193976 4194688 34370224128 6 2
-8863620728531202747 4210816 278921216 6 3
9003918571524305085 34380709888 10485760 5 3
3832814562371069946 103083409408 10485761 6 3
6994726247999421485 4398050705409 270532610 6 4
-2182846563281965281 547356672 1346371584 6 3
7986798770700458888 4194688 4398317043712 6 1
-6257802031448965757 4210816 10486016 6 3
1700545014223276088 20987904 10485761 6 3
8460859965323933448 4398319140864 34898706432 6 3
-7499746732422979287 34363932673 807403520 6 2
-5741762461084499675 34632368128 4398056996864 6 3
1111332980728721914 4398050721792 10485888 6 3
7295817476120010293 34363932800 27262976 6 3
-8929144449969409167 272646144 10485888 6 3
6355759882754366179 4398319140864 8796103507968 6 3
2096255999684289983 12583040 287309824 6 1
-3121935538587741150 4398319140864 538984448 6 3
-715943908421298237 34900803584 1344274432 6 3
-2839075447011617969 34363932800 270532608 5 3
5012840168915796070 10485888 20971521 6 5
-6530160907481842391 34363932673 68990009344 6 3
6570343848212097388 4243456 270532608 5 3
-4626275996363562990 4194688 10502144 6 3
-3005811335612171196 4398587576320 270532609 6 4
-1834957013156338666 4243456 27262976 6 4
1005159585832505593 20971521 10485888 6 5
6607433671956658632 4194432 10485760 4 3
-5479676239688078390 4210816 270532609 6 3
-7451772430819795060 4194305 10485760 4 3
-2929242428545435169 44040192 88080384 6 2
7902538816874011020 289406976 44040192 6 2
-4600819246834410162 13194143727616 278921216 6 4
6945429229533170445 272646144 4398585479168 6 3
-1814383076824048889 4398067482624 44040192 6 4
6063947424332675417 34632368128 538968192 6 2
1999103945663280395 34363932673 270532608 5 3
344261612767615128 4210689 10485762 6 3
8283065938327541202 547356672 289406976 6 2
7370027396938292077 34363932800 68990009344 6 3
-3678736798838810314 4398050705536 270532864 6 3
-6478323847157647247 34363932673 27262976 6 3
-2436227326305434629 12582913 287309824 6 4
-5289457415704249123 4398050721792 8796363554816 6 3
6110295675864975213 34363932800 807403520 6 2
6844638034949187355 34363949056 4398317043712 6 3
1589380353810674811 34372321280 18890752 6 5
4991833723847084546 4398067482624 278921216 6 4
-7143828370407571741 10502144 20971648 6 3
4683033793342412657 4398056996864 8796113993728 6 3
5177374264757218049 4210689 278921216 6 3
-6298175320500384585 34370224128 4398067482624 6 1
-4455657558730983265 34380709888 68729962496 6 3
6199436712671085601 12599296 34630270976 6 0
6726236059637288436 272629888 10485761 6 3
-2919671160825856690 4243456 807403520 6 4
2675185873496168733 272629761 538968064 5 2
-635909336618353727 13194143727616 270532609 6 4
-3017107097655160961 4398050705536 10485761 6 3
-4783347199892065960 4243456 10551296 6 3
-1203699024005180866 4398050721792 807403520 6 3
-9167146950567369274 541081600 4398317043712 6 1
9143412249156933923 34372321280 270532608 5 3
-5439319812256917614 34900803584 270532736 6 4
7275499076213891215 10485761 20987904 6 3
-8236508625958051806 4398319140864 10485760 5 3
-7662875173553558792 4398050705536 34370224128 6 3
-5428489675761754554 13194143727616 34630270976 6 4
-7901701975178839271 278921216 557842432 6 4
2224372196602603635 272629888 34370224128 6 3
1553240964349092262 12599296 270532609 6 3
7901194470238067244 34363949056 10485761 6 3
-8799831264988100562 34363932672 270532608 4 3
1107072552948483594 34370224128 54525952 6 2
3892140995453518078 1346371584 538968192 6 2
1544041989339872620 13194143727616 270548992 6 3
-3860135347809168591 289406976 4398056996864 6 3
3774109695364925906 4398050705536 10502144 6 3
-4676665099153618087 272629888 10502144 6 3
-7907137571307196174 10485760 272629760 4 3
4647145189473973557 281018368 538968064 5 3
3698863035468064777 4210689 34630270976 6 0
-1500691511489932056 2097152 0 1 3
-4560061818174471096 4398050721792 270565376 6 3
-6690331303826788530 547356672 272629888 6 3
8048143346251419714 34359738368 0 1 1
-4936317908042865608 272629760 538968064 4 3
-4678213907440535697 4194688 270533120 6 1
8632320203728159469 34363932673 10485888 6 3
1145250839513528679 12582913 270532736 6 4
-4213974941077260330 541065217 270532608 5 4
4866225594543370425 4210689 4398056996864 6 3
-5996095429995866353 34370224128 289406976 6 2
-4237772108315049051 10485761 34380709888 6 3
-3540552009404463666 272629761 4398585479168 6 3
-8724649592486484332 2097152 4194304 2 3
-742358708868415519 547356672 272646144 6 2
3903369450794619215 4210688 10485760 4 3
4856330921960689764 34370224128 20971520 5 2
2403126642607493698 34363932673 10502144 6 3
6444941465136884168 12582913 270548992 6 3
8110623967122902328 12599296 287309824 6 3
623237730388653746 34363949056 27262976 6 3
-2884029148597417516 34632368128 547356672 6 3
9072648243080361881 10485760 4194304 3 3
4897732272924618179 13194143727616 270532736 6 4
2641424064108474581 4398059094016 807403520 6 3
-4516629432390831237 1346371584 34898706432 6 3
-5404231783812088888 34363949056 270532608 5 3
2884823481531164897 10502144 20971521 6 2
-1913353020551965228 34632368128 68729962496 6 3
2071022006621184696 103083409408 137449439232 6 3
-2237288099671494821 34632368128 538968065 6 2
7929456359080892255 4432410443776 68729962496 6 3
-6727036988776135916 10502144 272629760 5 3
684046427444794233 4194688 807403520 6 5
-5499565911822240885 34359738368 2097152 2 3
1740187296829944350 4398050705409 8796363554816 6 4
6959783339255304273 1346371584 538984448 6 3
7659507860643286853 34363932672 2097152 3 3
-1133926726308435496 34363932673 4398317043712 6 3
8791115056881393855 20971648 10485761 6 3
6085831818362313931 547356672 34632368128 6 3
-8386165667288082466 272646144 538968064 5 3
3630592151209504800 10485761 20971648 6 3
-2155516694264674499 34900803584 270548992 6 5
-525052565682861342 12582913 34630270976 6 3
-4563610863376743204 4398319140864 1612709888 6 3
4145205171927549240 20971648 34370224128 6 2
-5256785022112071175 34363932673 270532610 6 3
-5342096721860431757 1346371584 547356672 6 3
-6308122847069016982 4210689 10485760 5 3
-3964318058700453766 4210816 10518528 6 3
4752964175754009853 4398050705409 807403520 6 1
3989346751661893407 34900803584 278921216 6 3
-6131018032802296471 4398067482624 10485760 5 3
-6088659740839777818 281018368 4398585479168 6 3
1725966615727257932 547356672 272629761 6 3
7044676275438228028 103083409408 807403520 6 2
2419363798560329698 289406976 10485760 5 3
24577577889808784 34900803584 270532609 6 3
-8533704684876321297 272629761 538968066 6 3
-6819911966459578460 12599296 270532736 6 3
4060247835443405162 272629888 27262976 6 3
9042016034161237558 4398059094016 8796363554816 6 3
-7475674936453814766 20971648 10502144 6 1
383693559571670460 4432410443776 8796103507968 6 3
-2778060316222469074 34363949056 10485888 6 3
7750159605669596518 10502144 34380709888 6 5
-5538982240743463967 4398050705536 27262976 6 3
-7701532309623454224 34372321280 4398317043712 6 4
7726635166443469077 541081600 270532608 5 2
-9018634435572050180 1346371584 538968065 6 3
194445892722289142 34632368128 538984448 6 5
3425597207226685989 13194143727616 10485760 5 3
2309804995110775319 4398587576320 1344274432 6 4
1047074015763984027 4398050705536 270532608 5 3
-3629802501871056673 4398050705409 270532608 5 4
1940180583413949666 34363932800 270532864 6 3
3319595316935399486 4194433 4398056996864 6 3
8072202473555117477 4398050705409 27262976 6 3
-3993626159547647167 541081600 270565376 6 2
-324460955974596818 272629761 27262976 6 3
6586159170509111382 20971521 10502144 6 2
-5924770181673935936 289406976 547356672 6 2
-3713933560441479035 44040192 20971521 6 2
-1326866611155417570 103083409408 270532608 5 3
5778229795002239844 103083409408 27262976 6 3
4841853595136943119 4194307 4398056996864 6 3
6831077083942371470 4194433 34630270976 6 3
3516294935602898643 34380709888 44040192 6 3
-9063177983143983987 4398319140864 538968192 6 3
8306698770412142836 272646144 34370224128 6 3
-720729492675480600 278921216 4398067482624 6 4
-558970142194023809 4398050721792 34370224128 6 3
-68830464058989660 4194433 270548992 6 1
2626428596960954612 272629888 538968320 6 3
17859080605790891 34363932800 10485761 6 3
8653636251511621921 12583040 270532609 6 3
-8820679415663714517 809500672 10485760 5 3
-9020069990183191879 4398050705536 807403520 6 3
-8968798011118729080 4243456 10485761 6 3
-4852898296312010597 4432410443776 270532736 6 4
-5479133354954036859 27262976 272629761 6 3
854632953160920638 4210689 10518528 6 3
-7829250685005121578 34380709888 278921216 6 5
-387002003502718084 20971521 34370224128 6 2
-1342604491270681279 541065344 4398317043712 6 1
5434028016923691812 281018368 18890752 6 3
7733426232702618158 4210816 10485760 5 3
4292228305195723942 12583040 34630270976 6 3
3044545814376317830 4194433 278921216 6 1
-4919961404726597640 4398050721792 10485761 6 3
6052520963993744890 4398050705408 270532608 4 4
5925059448326011221 278921216 54525952 6 4
3329344072343758376 44040192 20987904 6 4
2897808336615675274 272646144 539000832 6 2
-5704995029863500353 4243456 4398317043712 6 1
-2791251870798709794 4398056996864 54525952 6 1
3513291701601789299 272646144 10485761 6 3
5143194487113416631 4194307 278921216 6 4
3703320331106242460 34363932800 4398317043712 6 3
4131487183672340458 34363949056 807403520 6 2
-2665622187742620582 4398050705536 8796363554816 6 3
-6269701902992808713 4398059094016 270532608 5 4
-3398777662539620483 4432410443776 10485760 5 3
-1121150518381376510 27262976 34632368128 6 3
-4607596869624550129 4243456 34370224128 6 3
6605774198250266102 34632368128 10485760 5 3
7106047831003048518 4398587576320 270532736 6 4
75870794106192192 10502144 272662528 6 4
547648686232073024 4194433 10486016 6 3
3663582680678805277 268435456 0 1 3
4075170816407964193 4194688 27262976 6 3
1632836642770401692 34363949056 270565376 6 3
7592730476692303903 4194433 10485762 6 3
855196714740528106 34363949056 68990009344 6 3
-5066874955572122218 4398046511104 0 1 5
5888303610367422248 27262976 272646144 6 2
-8850827816600107173 4194688 270532608 5 1
-4263169856526227905 541065344 270532864 6 1
3382610033958885174 10502144 809500672 6 3
-6786275015989608647 4398050705409 10485888 6 3
3074621330431835570 272629761 10485888 6 3
8851808922255846107 4398056996864 289406976 6 3
8845511182909504176 13194143727616 17592456577024 6 4
-2126205431517531130 34363932800 10502144 6 3
9181719712090486696 4398067482624 8796103507968 6 3
-6679547499290141126 20987904 10485888 6 4
-7325485759401898100 12583040 270548992 6 1
-163488529236109242 34370224128 68740448256 6 2
-7563481214884467602 34380709888 4398056996864 6 3
-9087117430191083016 103083409408 10485888 6 4
1007332055830717322 272629888 4398585479168 6 3
-8073934129711708926 44040192 34380709888 6 1
